
=======================================================================================================
Statistic                        N       Mean     St. Dev.    Min    Pctl(25)  Median  Pctl(75)   Max  
-------------------------------------------------------------------------------------------------------
incident_disaster_fiscal_year 468,317 2,011.227    1.525     2,009    2,010    2,011    2,013    2,014 
chapter_code                  562,358 24,827.170 14,515.910  1,019    11,472   25,150   36,232  56,004 
pre_zip_5_digit               566,420 45,177.130 27,196.750    0      24,316  39,766.5  70,127  238,732
num_clients                   557,448   3.016      1.967       0        1        3        4       34   
num_cases_w_fin_assist        564,834   0.834      0.372       0        1        1        1        2   
age_5_or_under_num            458,992   0.411      0.786       0        0        0        1       12   
age_62_to_69_num              458,992   0.108      0.353       0        0        0        0        6   
age_6_to_61_num               458,992   0.915      0.279       0        1        1        1        2   
age_over_69_num               458,992   0.126      0.410       0        0        0        0       16   
female_num                    458,992   1.548      1.284       0        1        1        2       16   
male_num                      458,992   1.477      1.205       0        1        1        2       20   
gender_undeclared_num         458,992   0.078      0.538       0        0        0        0       21   
afro_american_num             458,992   0.524      1.459       0        0        0        0       34   
native_american_num           458,992   0.018      0.294       0        0        0        0       16   
asian_num                     458,992  0.00004     0.010       0        0        0        0        4   
caucasian_num                 458,992   0.631      1.426       0        0        0        0       19   
hispanic_num                  458,992   0.218      1.001       0        0        0        0       19   
ethnicity_undeclared_num      458,993   1.643      2.268      -123      0        1        3       26   
esri_longitude_x              505,356  -87.844     14.214   -171.692 -93.791  -85.174  -78.702  47.724 
esri_latitude_x               505,318   37.361     5.407     -0.001   33.956   37.957   40.847  71.096 
esri_zip                      505,123 44,864.630 27,159.240    0      23,821   39,576   70,072  99,999 
-------------------------------------------------------------------------------------------------------
